80.0
80.0625
80.125
80.1875
80.25
80.3125
80.375
80.4375
80.5
80.5625
80.625
80.6875
80.75
80.8125
80.875
80.9375
80.03125
80.09375
80.15625
80.21875
80.28125
80.34375
80.40625
80.46875
80.53125
80.59375
80.65625
80.71875
80.78125
80.84375
80.90625
80.96875
80.0625
80.125
80.1875
80.25
80.3125
80.375
80.4375
80.5
80.5625
80.625
80.6875
80.75
80.8125
80.875
80.9375
81.0
80.09375
80.15625
80.21875
80.28125
80.34375
80.40625
80.46875
80.53125
80.59375
80.65625
80.71875
80.78125
80.84375
80.90625
80.96875
81.03125
80.125
80.1875
80.25
80.3125
80.375
80.4375
80.5
80.5625
80.625
80.6875
80.75
80.8125
80.875
80.9375
81.0
81.0625
80.15625
80.21875
80.28125
80.34375
80.40625
80.46875
80.53125
80.59375
80.65625
80.71875
80.78125
80.84375
80.90625
80.96875
81.03125
81.09375
80.1875
80.25
80.3125
80.375
80.4375
80.5
80.5625
80.625
80.6875
80.75
80.8125
80.875
80.9375
81.0
81.0625
81.125
80.21875
80.28125
80.34375
80.40625
80.46875
80.53125
80.59375
80.65625
80.71875
80.78125
80.84375
80.90625
80.96875
81.03125
81.09375
81.15625
80.25
80.3125
80.375
80.4375
80.5
80.5625
80.625
80.6875
80.75
80.8125
80.875
80.9375
81.0
81.0625
81.125
81.1875
80.28125
80.34375
80.40625
80.46875
80.53125
80.59375
80.65625
80.71875
80.78125
80.84375
80.90625
80.96875
81.03125
81.09375
81.15625
81.21875
80.3125
80.375
80.4375
80.5
80.5625
80.625
80.6875
80.75
80.8125
80.875
80.9375
81.0
81.0625
81.125
81.1875
81.25
80.34375
80.40625
80.46875
80.53125
80.59375
80.65625
80.71875
80.78125
80.84375
80.90625
80.96875
81.03125
81.09375
81.15625
81.21875
81.28125
80.375
80.4375
80.5
80.5625
80.625
80.6875
80.75
80.8125
80.875
80.9375
81.0
81.0625
81.125
81.1875
81.25
81.3125
80.40625
80.46875
80.53125
80.59375
80.65625
80.71875
80.78125
80.84375
80.90625
80.96875
81.03125
81.09375
81.15625
81.21875
81.28125
81.34375
80.4375
80.5
80.5625
80.625
80.6875
80.75
80.8125
80.875
80.9375
81.0
81.0625
81.125
81.1875
81.25
81.3125
81.375
80.46875
80.53125
80.59375
80.65625
80.71875
80.78125
80.84375
80.90625
80.96875
81.03125
81.09375
81.15625
81.21875
81.28125
81.34375
81.40625
